schema_version,run_id,round,method,aggregation_mode,num_results_received,num_failures,total_selected_examples,aggregation_weight_entropy,aggregation_weight_min,aggregation_weight_max,global_before_l2,global_after_l2,aggregation_delta_l2,aggregation_delta_linf,aggregation_delta_cosine,client_update_l2_mean,client_update_l2_std,client_update_l2_min,client_update_l2_max,client_update_cosine_mean,client_update_cosine_std,pairwise_update_cosine_mean,pairwise_update_cosine_std,update_conflict_fraction,fedavg_equivalent_delta_l2,bayes_product_delta_l2,bayes_vs_fedavg_delta_l2,aggregation_energy_before,aggregation_energy_after,aggregation_error_proxy
bayesfl_observability_v1,ola_sparse_bayesian_keep050_seed42,1,ola,ola,24,0,2363,1.7112095259625277,0.00042319085907744394,0.3381294964028777,6.786648565740691,6.825059486519573,0.3969403745740216,0.05774297006428242,0.998315104838185,0.20496001780374618,0.1572881857162587,0.04193920346840911,0.515581735340364,0.9992797825332801,0.0008484399937372543,,,,,0.3969403745740216,,,,
bayesfl_observability_v1,ola_sparse_bayesian_keep050_seed42,2,ola,ola,24,0,2180,1.7045020586286277,0.0009174311926605505,0.4389908256880734,6.825059486519573,6.850943732170511,0.3371751302542334,0.046972453594207764,0.9987914705913138,0.19556757367908892,0.13569211200871717,0.046835828080773315,0.5567215848448513,0.9993953541271462,0.0008263945292889994,,,,,0.3371751302542334,,,,
bayesfl_observability_v1,ola_sparse_bayesian_keep050_seed42,3,ola,ola,24,0,2209,1.9545763137175336,0.0009053870529651426,0.35083748302399276,6.850943732170511,6.87331941475911,0.2962898246216928,0.041680775582790375,0.9990731646502211,0.22427320104657059,0.1121135893408468,0.06071813055541611,0.42823032104179987,0.9993321168447274,0.0005647997800827638,,,,,0.2962898246216928,,,,
bayesfl_observability_v1,ola_sparse_bayesian_keep050_seed42,4,ola,ola,24,0,2335,1.6919175055918885,0.0021413276231263384,0.44839400428265525,6.87331941475911,6.900313806574565,0.30968772168107667,0.04866964370012283,0.9989966089056169,0.18553898116959094,0.1167076360299533,0.07024416976286257,0.5629776531853864,0.9994952192753866,0.0007753276462062449,,,,,0.30968772168107667,,,,
bayesfl_observability_v1,ola_sparse_bayesian_keep050_seed42,5,ola,ola,24,0,1743,2.1249588647527267,0.0005737234652897303,0.24440619621342513,6.900313806574565,6.919998837719203,0.1833532189528008,0.03168925642967224,0.9996520336267056,0.17663802569379913,0.0869253316017275,0.06970770105483344,0.31444478280828236,0.9995946020198011,0.00034534125555083856,,,,,0.1833532189528008,,,,
bayesfl_observability_v1,ola_sparse_bayesian_keep050_seed42,6,ola,ola,24,0,2411,1.8490103545040277,0.0008295313148071339,0.334301119867275,6.919998837719203,6.940397997422656,0.1881273558561554,0.021660798229277134,0.999635877957931,0.19038589589863925,0.09793691110419764,0.07251291648401774,0.4152462225976521,0.9995240810098416,0.0004926958200986573,,,,,0.1881273558561554,,,,
bayesfl_observability_v1,ola_sparse_bayesian_keep050_seed42,7,ola,ola,24,0,2366,1.4109014015181773,0.00042265426880811494,0.41335587489433645,6.940397997422656,6.961792627307767,0.20884697306414268,0.03227335214614868,0.9995533789178195,0.16889044723233393,0.1014663412785298,0.05362212171621289,0.4186987640109701,0.9995996832954188,0.000482167424949375,,,,,0.20884697306414268,,,,
bayesfl_observability_v1,ola_sparse_bayesian_keep050_seed42,8,ola,ola,24,0,2075,1.7810933348363382,0.0019277108433734939,0.4130120481927711,6.961792627307767,6.984405641200373,0.2247559195767323,0.02891482412815094,0.9994858105899209,0.17065212034165872,0.10502339391180739,0.052425290027323504,0.4384411097284015,0.9995886933620969,0.0005069509255285057,,,,,0.2247559195767323,,,,
bayesfl_observability_v1,ola_sparse_bayesian_keep050_seed42,9,ola,ola,24,0,1581,1.8773831910452834,0.0018975332068311196,0.2567994939911448,6.984405641200373,6.9987861575533925,0.12245613447996449,0.016812622547149658,0.9998487316778327,0.13317706140853233,0.079865385965574,0.03699107184362603,0.30081632898926675,0.9997540057415054,0.00027383982464483663,,,,,0.12245613447996449,,,,
bayesfl_observability_v1,ola_sparse_bayesian_keep050_seed42,10,ola,ola,24,0,2556,2.1466275087525006,0.000782472613458529,0.18896713615023475,6.9987861575533925,7.015688719020497,0.12078248287813367,0.01915479451417923,0.9998543550771257,0.17434162797525538,0.07156865942075756,0.06450737513675288,0.28650260898601465,0.999639786626516,0.00026211959748889685,,,,,0.12078248287813367,,,,
bayesfl_observability_v1,ola_sparse_bayesian_keep050_seed42,11,ola,ola,24,0,3421,1.9726654132494301,0.00029231218941829873,0.38146740719087985,7.015688719020497,7.039679858141774,0.20442897681294728,0.01814049482345581,0.9995827380865966,0.16882044738865348,0.11242517144724234,0.02960605955287223,0.4598669103049088,0.9995859078773282,0.0005261320785302911,,,,,0.20442897681294728,,,,
bayesfl_observability_v1,ola_sparse_bayesian_keep050_seed42,12,ola,ola,24,0,1928,1.9709510218510515,0.0005186721991701245,0.22095435684647302,7.039679858141774,7.053021267050399,0.12178203668837481,0.013101249933242798,0.9998524413627097,0.14016434388618643,0.06008159941753298,0.05542580407844986,0.25618126537840247,0.9997666200154672,0.0001911059958604717,,,,,0.12178203668837481,,,,
bayesfl_observability_v1,ola_sparse_bayesian_keep050_seed42,13,ola,ola,24,0,1779,2.351286479687022,0.002810567734682406,0.16245081506464307,7.053021267050399,7.063359051329139,0.08202613351139881,0.010306000709533691,0.9999335439607803,0.13833776856434798,0.05077809281596805,0.05946150036970582,0.2187553349397508,0.9997826355501115,0.00014203049332394283,,,,,0.08202613351139881,,,,
bayesfl_observability_v1,ola_sparse_bayesian_keep050_seed42,14,ola,ola,24,0,1333,1.838203206378032,0.0015003750937734434,0.2768192048012003,7.063359051329139,7.074261836996573,0.1250023568775076,0.015100553631782532,0.99984483366809,0.13194049851747858,0.07299390471305221,0.02804886539774518,0.2783088195906898,0.9997728684901971,0.00021599957597666567,,,,,0.1250023568775076,,,,
bayesfl_observability_v1,ola_sparse_bayesian_keep050_seed42,15,ola,ola,24,0,1656,2.099276434064476,0.0036231884057971015,0.21195652173913043,7.074261836996573,7.083614741880929,0.10407576776118604,0.01571217179298401,0.9998927958478061,0.11582367307624031,0.0678820019234674,0.029216690194637174,0.27864720276248056,0.999820599358109,0.00020696569188635198,,,,,0.10407576776118604,,,,
bayesfl_observability_v1,ola_sparse_bayesian_keep050_seed42,16,ola,ola,24,0,1990,1.5657012987415715,0.004020100502512563,0.5894472361809046,7.083614741880929,7.101713322529261,0.22575806140315577,0.02676348388195038,0.9994966868385412,0.11500837692670846,0.08397227126780624,0.02179335099479107,0.3833922367960138,0.9997991624961262,0.00034365614187837056,,,,,0.22575806140315577,,,,
bayesfl_observability_v1,ola_sparse_bayesian_keep050_seed42,17,ola,ola,24,0,1767,2.0111408536898496,0.0005659309564233164,0.2212790039615167,7.101713322529261,7.111638874652665,0.14217837478746023,0.014529712032526731,0.9998008489738497,0.15417918421830692,0.07869863180900583,0.039468337541507977,0.31583060439323496,0.999703652083988,0.0002688712062838194,,,,,0.14217837478746023,,,,
bayesfl_observability_v1,ola_sparse_bayesian_keep050_seed42,18,ola,ola,24,0,1559,1.9605950644733052,0.0006414368184733803,0.24438742783835793,7.111638874652665,7.120735790817848,0.11048695720307558,0.011593837291002274,0.999880286438242,0.11302771001265931,0.06041377145349362,0.031788938129296514,0.26474257788817224,0.9998381918187768,0.0001796858589697089,,,,,0.11048695720307558,,,,
bayesfl_observability_v1,ola_sparse_bayesian_keep050_seed42,19,ola,ola,24,0,2448,1.753947149568368,0.0012254901960784314,0.3443627450980392,7.120735790817848,7.13444281995244,0.15093180702322428,0.016227737069129944,0.9997776434665665,0.14267253682243033,0.07994202421907547,0.042455017065370075,0.3178922516545809,0.9997375964142117,0.00027226856404361405,,,,,0.15093180702322428,,,,
bayesfl_observability_v1,ola_sparse_bayesian_keep050_seed42,20,ola,ola,24,0,2683,2.0234359713023133,0.005963473723443906,0.28512858740216174,7.13444281995244,7.145348464885719,0.12396238559648012,0.013088583946228027,0.9998504480755614,0.13550050753829415,0.0796368050605401,0.03637737064503473,0.30602863098838495,0.9997584064871636,0.000258782254979457,,,,,0.12396238559648012,,,,
bayesfl_observability_v1,ola_sparse_bayesian_keep050_seed42,21,ola,ola,24,0,2756,1.5509112410852546,0.000362844702467344,0.4735123367198839,7.145348464885719,7.171355364270778,0.21728305895795863,0.018652737140655518,0.999545922090106,0.11767036284734714,0.08483965505236685,0.027323687565825653,0.35241112122346013,0.9997959373068248,0.0002934384912990577,,,,,0.21728305895795863,,,,
bayesfl_observability_v1,ola_sparse_bayesian_keep050_seed42,22,ola,ola,24,0,1157,1.8572532208005499,0.006050129645635264,0.29732065687121867,7.171355364270778,7.178369408083376,0.10283287619284304,0.009213939309120178,0.9998977692103695,0.08706036752474405,0.05728033258690443,0.014364543786607644,0.20340192410922434,0.9998946324415436,0.00011639238940509666,,,,,0.10283287619284304,,,,
bayesfl_observability_v1,ola_sparse_bayesian_keep050_seed42,23,ola,ola,24,0,1286,1.6937416418403903,0.0007776049766718507,0.2884914463452566,7.178369408083376,7.185629180470466,0.11223683745407485,0.010774031281471252,0.9998784011661264,0.09484060753087448,0.06872093071212634,0.024795573455980977,0.2913472877297639,0.9998672173943801,0.00020949431395273608,,,,,0.11223683745407485,,,,
bayesfl_observability_v1,ola_sparse_bayesian_keep050_seed42,24,ola,ola,24,0,3578,1.6648335652761794,0.00027948574622694243,0.39351593068753493,7.185629180470466,7.203082777143538,0.18553676967545854,0.016875773668289185,0.9996704005619609,0.12367946464054684,0.08410332198939824,0.03766805506329539,0.2951973076630513,0.9997845436398992,0.0002479366363051395,,,,,0.18553676967545854,,,,
bayesfl_observability_v1,ola_sparse_bayesian_keep050_seed42,25,ola,ola,24,0,2133,2.0410196291702882,0.00046882325363338024,0.27660571964369435,7.203082777143538,7.2115396565644545,0.12738356608233203,0.01257312297821045,0.9998444994178345,0.12390955528939897,0.05921829946757427,0.04349884580791413,0.2671482988000419,0.9998186708518495,0.00017400920768383048,,,,,0.12738356608233203,,,,
bayesfl_observability_v1,ola_sparse_bayesian_keep050_seed42,26,ola,ola,24,0,1529,1.92260868415081,0.002616088947024199,0.2589928057553957,7.2115396565644545,7.2210928847313305,0.11487079781468697,0.012243464589118958,0.999874181600832,0.09844794657667187,0.053169978039061185,0.01121425208825306,0.19369871387077384,0.9998800477069671,0.00011560866909203737,,,,,0.11487079781468697,,,,
bayesfl_observability_v1,ola_sparse_bayesian_keep050_seed42,27,ola,ola,24,0,2319,1.6060019373022822,0.0008624407072013799,0.33635187580853815,7.2210928847313305,7.232502472680278,0.1181063983548916,0.010442942380905151,0.9998677019947115,0.1023663187629755,0.06661996484854281,0.027583291159190514,0.22298387015362875,0.9998575043007585,0.000160703712436465,,,,,0.1181063983548916,,,,
bayesfl_observability_v1,ola_sparse_bayesian_keep050_seed42,28,ola,ola,24,0,1737,1.033655111222508,0.0011514104778353484,0.7426597582037997,7.232502472680278,7.244407340471893,0.19292238480358034,0.02396617829799652,0.999646176320301,0.10652270678319585,0.07042566122650752,0.019035670445941434,0.29518259206065783,0.9998446220384197,0.0002045448413806478,,,,,0.19292238480358034,,,,
bayesfl_observability_v1,ola_sparse_bayesian_keep050_seed42,29,ola,ola,24,0,2968,1.5461922590424164,0.0006738544474393531,0.4444070080862534,7.244407340471893,7.262695693957122,0.14916234921978716,0.01575694978237152,0.9997917381934854,0.12269062070945033,0.05708606462312848,0.036519212552810744,0.2377035246629416,0.9998264775935113,0.0001512176647994133,,,,,0.14916234921978716,,,,
bayesfl_observability_v1,ola_sparse_bayesian_keep050_seed42,30,ola,ola,24,0,2279,2.0129124065767754,0.008336989907854322,0.36989907854322074,7.262695693957122,7.273753201509377,0.1338226777260834,0.015004634857177734,0.9998316559550262,0.1003661696954106,0.07348790794139445,0.003361307805574866,0.2763934718764268,0.9998538543215078,0.00019049019619376775,,,,,0.1338226777260834,,,,
bayesfl_observability_v1,ola_sparse_bayesian_keep050_seed42,31,ola,ola,24,0,2899,1.7310017906290969,0.0006898930665746809,0.45463953087271475,7.273753201509377,7.284015861524976,0.08900546673337616,0.006089746952056885,0.9999262331433884,0.12937098312505818,0.06508977923246533,0.03601385243190345,0.2298114097784317,0.9998023628908742,0.00016040834744296346,,,,,0.08900546673337616,,,,
bayesfl_observability_v1,ola_sparse_bayesian_keep050_seed42,32,ola,ola,24,0,3540,1.9256073388906951,0.000847457627118644,0.2635593220338983,7.284015861524976,7.292979477662319,0.17209336081203394,0.022188082337379456,0.9997220014368162,0.13624164145299375,0.08637538549879652,0.01835489556394975,0.31600742892769196,0.9997553309911026,0.000266975706358038,,,,,0.17209336081203394,,,,
bayesfl_observability_v1,ola_sparse_bayesian_keep050_seed42,33,ola,ola,24,0,4000,2.0487814315002844,0.0165,0.31375,7.292979477662319,7.305898969093385,0.1262896359527817,0.01273868978023529,0.999851899078042,0.13245558921136086,0.0683507916960978,0.01735771045983303,0.2961037464734277,0.9997920589431237,0.00020389298164307136,,,,,0.1262896359527817,,,,
bayesfl_observability_v1,ola_sparse_bayesian_keep050_seed42,34,ola,ola,24,0,5847,2.063906659986758,0.0003420557550880794,0.22319138019497178,7.305898969093385,7.323285861225596,0.12401298011021704,0.012490138411521912,0.9998591026425762,0.14830225942871206,0.07312677327853642,0.015387270774297468,0.2664522331396997,0.9997454601710931,0.00021107659385945687,,,,,0.12401298011021704,,,,
bayesfl_observability_v1,ola_sparse_bayesian_keep050_seed42,35,ola,ola,24,0,1905,1.551408463250592,0.0005249343832020997,0.5039370078740157,7.323285861225596,7.332810702623461,0.1336743014624406,0.011887773871421814,0.999834469206407,0.0967204492752541,0.07695812540481527,0.00037773413436300224,0.2670972473103364,0.9998579076048024,0.0002001837225555486,,,,,0.1336743014624406,,,,
bayesfl_observability_v1,ola_sparse_bayesian_keep050_seed42,36,ola,ola,24,0,1527,1.9026579105083408,0.0006548788474132286,0.2632612966601179,7.332810702623461,7.339336125623948,0.11472990718684593,0.009065777063369751,0.9998781041695881,0.11094755086385132,0.05545076132961189,0.006845378320484948,0.19366166247790434,0.9998571418360318,0.00011011877065360473,,,,,0.11472990718684593,,,,
bayesfl_observability_v1,ola_sparse_bayesian_keep050_seed42,37,ola,ola,24,0,5135,1.9113160388441834,0.00019474196689386563,0.30496592015579355,7.339336125623948,7.349831186878241,0.1004338992089959,0.00955401360988617,0.9999075242041786,0.13240556796115896,0.08099788957732755,0.003214524292128132,0.26107068996566735,0.9997772205059231,0.00020849557015402987,,,,,0.1004338992089959,,,,
bayesfl_observability_v1,ola_sparse_bayesian_keep050_seed42,38,ola,ola,24,0,3690,1.9617904841805285,0.004607046070460705,0.2669376693766938,7.349831186878241,7.36143166145152,0.12781099466769733,0.0107288658618927,0.9998502819008942,0.11893866702453669,0.07000101242517473,0.0019202566247585307,0.24497265005597113,0.9998243829801409,0.00017255238662202665,,,,,0.12781099466769733,,,,
bayesfl_observability_v1,ola_sparse_bayesian_keep050_seed42,39,ola,ola,24,0,4371,1.9998131225625657,0.001601464195836193,0.32212308396247996,7.36143166145152,7.369815719989714,0.18129237919659513,0.015619561076164246,0.9996977402154283,0.1423127419699188,0.0853190969136981,0.016717487325305647,0.27788235677645673,0.999746437685721,0.00024269948160846955,,,,,0.18129237919659513,,,,
bayesfl_observability_v1,ola_sparse_bayesian_keep050_seed42,40,ola,ola,24,0,2913,1.6635287128377279,0.0006865774116031583,0.27154136628904907,7.369815719989714,7.376408884554229,0.11458974392946308,0.013678595423698425,0.999879629582939,0.10566610648296172,0.06430684762020378,0.018272682509129935,0.20460336709546456,0.999859443897104,0.0001332164853864415,,,,,0.11458974392946308,,,,
bayesfl_observability_v1,ola_sparse_bayesian_keep050_seed42,41,ola,ola,24,0,2399,2.084204813423106,0.007503126302626094,0.25302209253855773,7.376408884554229,7.382658317437898,0.08781864517831713,0.0065613240003585815,0.9999295500332595,0.11179317110969493,0.04788247518853487,0.04820380267108598,0.22192443052114053,0.9998643129921612,0.00011341971610319084,,,,,0.08781864517831713,,,,
bayesfl_observability_v1,ola_sparse_bayesian_keep050_seed42,42,ola,ola,24,0,2168,1.4721212901650527,0.00046125461254612545,0.3980627306273063,7.382658317437898,7.3909390701060325,0.14155624024788094,0.01116025447845459,0.9998170101749334,0.09708601050981495,0.06138562239882639,0.03364379622096565,0.23589117739291932,0.999879228468804,0.0001525241260591895,,,,,0.14155624024788094,,,,
bayesfl_observability_v1,ola_sparse_bayesian_keep050_seed42,43,ola,ola,24,0,4163,1.8383620847508209,0.0031227480182560653,0.27456161422051406,7.3909390701060325,7.399994975017872,0.20216017088577218,0.0240248441696167,0.9996271296974051,0.1431868722016819,0.09416978530868213,0.002195077606785064,0.3190813725240057,0.9997317430893374,0.00028184092082953946,,,,,0.20216017088577218,,,,
bayesfl_observability_v1,ola_sparse_bayesian_keep050_seed42,44,ola,ola,24,0,2178,1.83209971316117,0.002295684113865932,0.38705234159779617,7.399994975017872,7.4088187786579365,0.14202957821448434,0.0148153156042099,0.9998167399880717,0.09691146602498413,0.06114955387455053,0.025198430294112086,0.26221809761497056,0.9998804144524271,0.0001562043423228995,,,,,0.14202957821448434,,,,
bayesfl_observability_v1,ola_sparse_bayesian_keep050_seed42,45,ola,ola,24,0,2462,1.75194045639753,0.0012185215272136475,0.5097481722177092,7.4088187786579365,7.418436452246373,0.14635176445445353,0.012569427490234375,0.9998059896199708,0.09648258028949117,0.05345761741160644,0.031145297253310028,0.2331950717320273,0.9998894606663634,0.00011989543012388111,,,,,0.14635176445445353,,,,
bayesfl_observability_v1,ola_sparse_bayesian_keep050_seed42,46,ola,ola,24,0,2551,1.5184316075433084,0.0015680125441003528,0.45981967855742845,7.418436452246373,7.426138975821953,0.20495463498183852,0.024442017078399658,0.9996192883046984,0.0811515364154011,0.08372066319178295,0.013631326640708895,0.3075548152612156,0.9998767576064741,0.0002398964723520492,,,,,0.20495463498183852,,,,
bayesfl_observability_v1,ola_sparse_bayesian_keep050_seed42,47,ola,ola,24,0,2767,1.6003481752655364,0.0007228044813877846,0.3809179616913625,7.426138975821953,7.431786031484868,0.1262709122587066,0.014671221375465393,0.9998558379674441,0.1256258819216235,0.06443921292244793,0.017473762601918484,0.2673502765188986,0.9998194843177297,0.00017260524029011267,,,,,0.1262709122587066,,,,
bayesfl_observability_v1,ola_sparse_bayesian_keep050_seed42,48,ola,ola,24,0,4252,1.8224159225596688,0.00047036688617121356,0.34689557855127,7.431786031484868,7.439224231246709,0.12696907468881705,0.008220389485359192,0.9998547045446035,0.1229280578497846,0.0849772087581183,0.009627680956210072,0.27005262443181866,0.9997982669276851,0.00021752039279319287,,,,,0.12696907468881705,,,,
bayesfl_observability_v1,ola_sparse_bayesian_keep050_seed42,49,ola,ola,24,0,4023,2.1370345974446137,0.0004971414367387521,0.2421078796917723,7.439224231246709,7.44771746539111,0.13330885088615016,0.01691460609436035,0.9998402758058327,0.11223225922598583,0.07671395301982124,0.030060642129174378,0.2980040214026104,0.9998335360969511,0.00021649635060676736,,,,,0.13330885088615016,,,,
bayesfl_observability_v1,ola_sparse_bayesian_keep050_seed42,50,ola,ola,24,0,2690,1.769516796368511,0.0007434944237918215,0.36988847583643125,7.44771746539111,7.455072768690497,0.07432285583603183,0.008413881063461304,0.9999507433022655,0.08971993137879339,0.04391352762284103,0.012098612204906965,0.17535372931921692,0.9999103056874735,7.800163973115507e-05,,,,,0.07432285583603183,,,,
bayesfl_observability_v1,ola_sparse_bayesian_keep050_seed42,51,ola,ola,24,0,2306,1.961687772094351,0.0008673026886383347,0.305724197745013,7.455072768690497,7.460493318546121,0.09723662814057948,0.008986227214336395,0.9999152658197895,0.10381747252416093,0.043972385508675715,0.02315538546979859,0.18356017962222895,0.9998857941499586,8.309215734747874e-05,,,,,0.09723662814057948,,,,
bayesfl_observability_v1,ola_sparse_bayesian_keep050_seed42,52,ola,ola,24,0,3153,1.8406871434021543,0.01014906438312718,0.44655883285759596,7.460493318546121,7.466922978906448,0.1717833626925537,0.013584628701210022,0.999735507021317,0.11131615210957628,0.07583368952865593,0.015664644153514744,0.3112512286160765,0.9998372209821688,0.00021448318997334908,,,,,0.1717833626925537,,,,
bayesfl_observability_v1,ola_sparse_bayesian_keep050_seed42,53,ola,ola,24,0,2085,1.9504587175010142,0.00047961630695443646,0.22302158273381295,7.466922978906448,7.472380447590274,0.07719890255920965,0.005469202995300293,0.9999468607103007,0.10429545494068311,0.05930555317729928,0.04160937289181459,0.25586723406837425,0.9998710773656349,0.00015181333948549082,,,,,0.07719890255920965,,,,
bayesfl_observability_v1,ola_sparse_bayesian_keep050_seed42,54,ola,ola,24,0,3683,2.1205505011617283,0.00027151778441487917,0.3152321477056747,7.472380447590274,7.479305073815624,0.11056520867104205,0.009247124195098877,0.9998910618691503,0.11773137150593167,0.06544942745378043,0.01180476566896506,0.25812112588272756,0.9998377860588246,0.00017313831684293802,,,,,0.11056520867104205,,,,
bayesfl_observability_v1,ola_sparse_bayesian_keep050_seed42,55,ola,ola,24,0,3937,1.9533611105455733,0.005842011684023368,0.32004064008128014,7.479305073815624,7.489045787529368,0.12658890607083365,0.010634705424308777,0.9998578016712492,0.13217683148086393,0.06364927598607184,0.028013342108666787,0.21435280335059456,0.9998080689932548,0.00014014573954028735,,,,,0.12658890607083365,,,,
bayesfl_observability_v1,ola_sparse_bayesian_keep050_seed42,56,ola,ola,24,0,2156,1.7749020151024375,0.0009276437847866419,0.300556586270872,7.489045787529368,7.494627377483524,0.13421973630252304,0.013196256011724472,0.999839795563724,0.10868793401889756,0.06978742898048146,0.013501382005437686,0.24616002139745582,0.9998514672694997,0.0001514878925242104,,,,,0.13421973630252304,,,,
bayesfl_observability_v1,ola_sparse_bayesian_keep050_seed42,57,ola,ola,24,0,2966,2.054109987373512,0.00033715441672285906,0.3536749831422792,7.494627377483524,7.502389480928139,0.105818878922022,0.008727803826332092,0.9999009616078859,0.10629285500410447,0.053928459004581104,0.01723200507156714,0.22778546908269712,0.9998737863522711,0.00011563499599732976,,,,,0.105818878922022,,,,
bayesfl_observability_v1,ola_sparse_bayesian_keep050_seed42,58,ola,ola,24,0,2597,2.207425366312503,0.0015402387370042356,0.22718521370812475,7.502389480928139,7.50655206833481,0.0902240641797368,0.007315563037991524,0.9999278810707464,0.10184261117158795,0.05852720176130295,0.029031347177046276,0.22447093576789798,0.9998775737392136,0.00012372661915632154,,,,,0.0902240641797368,,,,
bayesfl_observability_v1,ola_sparse_bayesian_keep050_seed42,59,ola,ola,24,0,4793,1.9222492217781642,0.0008345503859795535,0.35113707490089713,7.50655206833481,7.51162551516269,0.1251073854534013,0.01371854543685913,0.9998614371922793,0.13513044088740614,0.06935685560333707,0.04030408237527772,0.2759905964116614,0.9997955445962359,0.0001908482145695655,,,,,0.1251073854534013,,,,
bayesfl_observability_v1,ola_sparse_bayesian_keep050_seed42,60,ola,ola,24,0,2092,2.0912899201141815,0.0033460803059273425,0.20936902485659656,7.51162551516269,7.515546017159419,0.10153963588701426,0.009174928069114685,0.9999088201606819,0.10023118204590244,0.054387464863153524,0.02436970984495244,0.18074900500314828,0.9998848571629139,0.00010100606967803132,,,,,0.10153963588701426,,,,
bayesfl_observability_v1,ola_sparse_bayesian_keep050_seed42,61,ola,ola,24,0,2855,1.8365940414405904,0.0007005253940455342,0.34535901926444834,7.515546017159419,7.521333396354816,0.10057436114191663,0.010123759508132935,0.9999108238422653,0.09236728047295137,0.06237873899929646,0.01685087726927446,0.24933673325688763,0.999890207535521,0.00014709432760078703,,,,,0.10057436114191663,,,,
bayesfl_observability_v1,ola_sparse_bayesian_keep050_seed42,62,ola,ola,24,0,2662,1.7461723823480404,0.0003756574004507889,0.384297520661157,7.521333396354816,7.527091696530768,0.0799886162649096,0.007457222789525986,0.9999437855742185,0.10912282613689711,0.04950376057555242,0.0037894643110273083,0.20815571552684375,0.9998732681136423,9.610345203794978e-05,,,,,0.0799886162649096,,,,
bayesfl_observability_v1,ola_sparse_bayesian_keep050_seed42,63,ola,ola,24,0,3985,1.569175031267755,0.00150564617314931,0.3932245922208281,7.527091696530768,7.533630519656455,0.11828280217251232,0.011267423629760742,0.9998770149149065,0.09712067034294783,0.07752784682579908,0.011188618453352027,0.2568852945194971,0.9998639425239116,0.0001800947269733718,,,,,0.11828280217251232,,,,
bayesfl_observability_v1,ola_sparse_bayesian_keep050_seed42,64,ola,ola,24,0,2125,1.9232579478698433,0.0009411764705882353,0.3407058823529412,7.533630519656455,7.538342110906485,0.10375522757301286,0.010702457278966904,0.9999054169478423,0.09502773099705968,0.05545071495219196,0.017697507480246483,0.20528135047697185,0.9998934910251264,0.00010978853515112495,,,,,0.10375522757301286,,,,
bayesfl_observability_v1,ola_sparse_bayesian_keep050_seed42,65,ola,ola,24,0,2962,1.819711727208886,0.002363268062120189,0.475354490209318,7.538342110906485,7.544240836951529,0.13535799131009724,0.012154534459114075,0.999839224131367,0.0908612961566339,0.05885571447595091,0.0175274346155161,0.2446190716841799,0.9998970187329487,0.00013329335329544375,,,,,0.13535799131009724,,,,
bayesfl_observability_v1,ola_sparse_bayesian_keep050_seed42,66,ola,ola,24,0,3096,1.7480293760111105,0.0006459948320413437,0.37370801033591733,7.544240836951529,7.549410792090926,0.12281754850385512,0.012379053980112076,0.9998678120040181,0.10628037755954858,0.06622440848581891,0.028739020836704827,0.3007019310068068,0.9998624304591595,0.00019023199391417214,,,,,0.12281754850385512,,,,
bayesfl_observability_v1,ola_sparse_bayesian_keep050_seed42,67,ola,ola,24,0,1413,2.106862149738997,0.0014154281670205238,0.20665251238499646,7.549410792090926,7.5524850818071245,0.05458069498284128,0.004896879196166992,0.9999739585493842,0.07965019147083681,0.03646251984115581,0.024669817646909925,0.1392703732255885,0.9999327440407576,5.0694684903060643e-05,,,,,0.05458069498284128,,,,
bayesfl_observability_v1,ola_sparse_bayesian_keep050_seed42,68,ola,ola,24,0,2073,2.0057130900881175,0.002894356005788712,0.1958514230583695,7.5524850818071245,7.555804832596463,0.06388327718920504,0.005403399467468262,0.9999643385175389,0.08932907594511441,0.04282365029489367,0.011638655025221966,0.16325762562029522,0.9999140562162554,7.06003387413844e-05,,,,,0.06388327718920504,,,,
bayesfl_observability_v1,ola_sparse_bayesian_keep050_seed42,69,ola,ola,24,0,3298,1.6140143261357327,0.0006064281382656155,0.4229836264402668,7.555804832596463,7.560339294351712,0.04893770196915882,0.002907991409301758,0.9999792178532417,0.10577283926934625,0.041557178484160975,0.03014304949578037,0.1790602278979524,0.999887032896178,7.174383124027378e-05,,,,,0.04893770196915882,,,,
bayesfl_observability_v1,ola_sparse_bayesian_keep050_seed42,70,ola,ola,24,0,4320,2.0228890264496795,0.000462962962962963,0.24166666666666667,7.560339294351712,7.565822184071026,0.09675522258381569,0.01062309741973877,0.9999184311083553,0.11443900015017759,0.06269841652234069,0.03626838719722415,0.25418209505191697,0.9998512931728616,0.00016268766454861154,,,,,0.09675522258381569,,,,
bayesfl_observability_v1,ola_sparse_bayesian_keep050_seed42,71,ola,ola,24,0,1135,1.8449143215905601,0.001762114537444934,0.2986784140969163,7.565822184071026,7.568967226016582,0.055881031916495405,0.004245981574058533,0.999972821326926,0.0726240120787784,0.03172785193488738,0.02474805297157452,0.11958334642213202,0.9999451757848294,4.012328635907454e-05,,,,,0.055881031916495405,,,,
bayesfl_observability_v1,ola_sparse_bayesian_keep050_seed42,72,ola,ola,24,0,1207,1.6540446497652614,0.0016570008285004142,0.5062137531068766,7.568967226016582,7.571362658483972,0.13489547865606805,0.021456047892570496,0.999841285301786,0.0639797789111098,0.050771529561511444,0.00802395449573135,0.2137546194019905,0.9999418090837062,9.929489063499181e-05,,,,,0.13489547865606805,,,,
bayesfl_observability_v1,ola_sparse_bayesian_keep050_seed42,73,ola,ola,24,0,3542,1.6643160710487956,0.000282326369282891,0.3557312252964427,7.571362658483972,7.581212047436488,0.14806735245067493,0.018762782216072083,0.9998098702947109,0.10814019169195939,0.07523565324055247,0.023374825767543655,0.262342187481282,0.9998489827975637,0.00018685454827954869,,,,,0.14806735245067493,,,,
bayesfl_observability_v1,ola_sparse_bayesian_keep050_seed42,74,ola,ola,24,0,3880,1.8754397637701128,0.002061855670103093,0.3322164948453608,7.581212047436488,7.590977716018857,0.12557075442329474,0.011096611618995667,0.999863831714178,0.0994033369441029,0.05910553287470803,0.02347603118858415,0.24372087533971756,0.999883993198875,0.00013787010706900533,,,,,0.12557075442329474,,,,
bayesfl_observability_v1,ola_sparse_bayesian_keep050_seed42,75,ola,ola,24,0,2542,1.4882545360180461,0.0011801730920535012,0.5137686860739575,7.590977716018857,7.599296562074653,0.1391725630100922,0.01118120551109314,0.9998327170483582,0.08366339406135076,0.05355868029801753,0.01125423509181394,0.2418940743691171,0.9999145883434265,0.00011962338226384707,,,,,0.1391725630100922,,,,
bayesfl_observability_v1,ola_sparse_bayesian_keep050_seed42,76,ola,ola,24,0,3638,1.7848400088191831,0.013468938977460142,0.38702583837273224,7.599296562074653,7.604854966349284,0.1393602156742557,0.013862282037734985,0.9998322386710623,0.10690444464512873,0.05424142761176992,0.040139839064617266,0.24539718176503045,0.999875718176585,0.00012991286456903693,,,,,0.1393602156742557,,,,
bayesfl_observability_v1,ola_sparse_bayesian_keep050_seed42,77,ola,ola,24,0,2740,1.8524761319348437,0.00072992700729927,0.3200729927007299,7.604854966349284,7.609163999203685,0.1070521008160271,0.010043352842330933,0.9999011382492349,0.09382257934208514,0.062157331486071866,0.0038248847715901587,0.21962177551372855,0.9998906037350435,0.00011708964539865159,,,,,0.1070521008160271,,,,
bayesfl_observability_v1,ola_sparse_bayesian_keep050_seed42,78,ola,ola,24,0,4685,2.078342809196438,0.00021344717182497332,0.19957310565635006,7.609163999203685,7.614683054688908,0.09809451044842009,0.008195996284484863,0.9999172260454956,0.12117724308195119,0.0739102965677962,0.0019069680416179328,0.2395895058070791,0.9998262670319574,0.00014816085739614593,,,,,0.09809451044842009,,,,
bayesfl_observability_v1,ola_sparse_bayesian_keep050_seed42,79,ola,ola,24,0,4613,1.9429485251898764,0.001300672013873835,0.27205722956861045,7.614683054688908,7.622964250364882,0.11720695437538713,0.01005852222442627,0.9998822590324309,0.09616912022286857,0.06221568935479462,0.012689052445801501,0.2124100435009347,0.9998871797106548,0.00011917456435970057,,,,,0.11720695437538713,,,,
bayesfl_observability_v1,ola_sparse_bayesian_keep050_seed42,80,ola,ola,24,0,1020,2.065716350619855,0.00392156862745098,0.24313725490196078,7.622964250364882,7.625334735572863,0.07934303122329352,0.007925525307655334,0.9999458975465045,0.07652648771681264,0.04014204345743659,0.018290123686578338,0.1538958953049673,0.9999357739179514,5.782403628189041e-05,,,,,0.07934303122329352,,,,
bayesfl_observability_v1,ola_sparse_bayesian_keep050_seed42,81,ola,ola,24,0,1520,1.9740109371862071,0.020394736842105264,0.25921052631578945,7.625334735572863,7.627999129632627,0.060017065692750116,0.005274318158626556,0.9999690975287016,0.09434597278527118,0.0375438118300397,0.05040590422673298,0.170236360010879,0.9999113873808917,6.89290227505615e-05,,,,,0.060017065692750116,,,,
bayesfl_observability_v1,ola_sparse_bayesian_keep050_seed42,82,ola,ola,24,0,1912,1.5335405641860653,0.0005230125523012552,0.5475941422594143,7.627999129632627,7.636026037951532,0.10990351393849951,0.008723512291908264,0.9998968682733265,0.08087975526004672,0.05040227871275558,0.0001392758898273941,0.19578088716381722,0.9999220955121777,9.571514108503092e-05,,,,,0.10990351393849951,,,,
bayesfl_observability_v1,ola_sparse_bayesian_keep050_seed42,83,ola,ola,24,0,2694,2.270583837339578,0.004454342984409799,0.24424647364513735,7.636026037951532,7.639617674635221,0.08710353856061406,0.008597373962402344,0.9999350822382772,0.10402633830464093,0.04466095349228284,0.021558421234133245,0.17400594585447873,0.9998902093725182,7.357208609426909e-05,,,,,0.08710353856061406,,,,
bayesfl_observability_v1,ola_sparse_bayesian_keep050_seed42,84,ola,ola,24,0,1959,2.025045563450917,0.0005104645227156713,0.24298111281265952,7.639617674635221,7.642123120708873,0.06358471902700887,0.005329623818397522,0.9999654287530029,0.08433018630328684,0.04446216486698693,0.02379680068753883,0.17987569637390155,0.999922177073581,7.486731556110886e-05,,,,,0.06358471902700887,,,,
bayesfl_observability_v1,ola_sparse_bayesian_keep050_seed42,85,ola,ola,24,0,2471,1.5839035064842077,0.0004046944556859571,0.46458923512747874,7.642123120708873,7.6456712403478955,0.13112566252731445,0.0143948495388031,0.9998529728141007,0.08941888938889526,0.06923592604415814,0.0009226480193511948,0.277753548060209,0.9998905762148226,0.00016619180052343874,,,,,0.13112566252731445,,,,
bayesfl_observability_v1,ola_sparse_bayesian_keep050_seed42,86,ola,ola,24,0,3065,1.9063857612454271,0.01533442088091354,0.4195758564437194,7.6456712403478955,7.6532498798819235,0.12113460262758075,0.012119859457015991,0.9998751059737775,0.11477954074616087,0.06542329525899995,0.0032786178230888243,0.22217984228237506,0.9998509318838614,0.00012750547954638782,,,,,0.12113460262758075,,,,
bayesfl_observability_v1,ola_sparse_bayesian_keep050_seed42,87,ola,ola,24,0,2659,2.116897546594139,0.000376081233546446,0.19631440391124483,7.6532498798819235,7.656670807814441,0.07641019343266515,0.005716145038604736,0.9999502818043893,0.09029033566692092,0.051352605098309134,0.006833830151150071,0.18427034050096144,0.9999079672367696,8.245705238065763e-05,,,,,0.07641019343266515,,,,
bayesfl_observability_v1,ola_sparse_bayesian_keep050_seed42,88,ola,ola,24,0,1123,2.0436934572262206,0.0017809439002671415,0.2947462154942119,7.656670807814441,7.659060014524263,0.0462799026041414,0.0037246793508529663,0.9999817870447062,0.07734310938544268,0.03648964428089849,0.017470642283929007,0.15067084549831816,0.9999376609522801,5.2166079120826164e-05,,,,,0.0462799026041414,,,,
bayesfl_observability_v1,ola_sparse_bayesian_keep050_seed42,89,ola,ola,24,0,2209,1.8075836205697893,0.0009053870529651426,0.42236306020823905,7.659060014524263,7.661921951999859,0.09456681774209999,0.016537606716156006,0.999923873404111,0.06949785700975507,0.04387474394534641,0.004529738638613891,0.16619797376850598,0.9999424647377736,6.346200937686834e-05,,,,,0.09456681774209999,,,,
bayesfl_observability_v1,ola_sparse_bayesian_keep050_seed42,90,ola,ola,24,0,2459,1.5120912202462164,0.0024400162667751117,0.5546970313135421,7.661921951999859,7.672041235823093,0.14211674889124942,0.010728329420089722,0.9998290754674798,0.08845211291905214,0.05475619326763592,0.012340233653001008,0.23628832454253676,0.9999080420230587,0.00011298937779712252,,,,,0.14211674889124942,,,,
bayesfl_observability_v1,ola_sparse_bayesian_keep050_seed42,91,ola,ola,24,0,3271,1.7609434213062332,0.0006114338122898196,0.39406909202078877,7.672041235823093,7.677755430834464,0.0905951235952224,0.006988614797592163,0.9999306089859217,0.09143781569818467,0.05051922935407294,0.030069500738279926,0.1861591193887711,0.9999074527698092,9.24252770527566e-05,,,,,0.0905951235952224,,,,
bayesfl_observability_v1,ola_sparse_bayesian_keep050_seed42,92,ola,ola,24,0,1956,1.5250676706298503,0.0005112474437627812,0.3946830265848671,7.677755430834464,7.6804220667814995,0.12011472305415452,0.012162268161773682,0.9998777274336669,0.08124683012301588,0.061876620384060645,0.012724006296104448,0.24734333626699012,0.9999115758865714,0.0001279564063915734,,,,,0.12011472305415452,,,,
bayesfl_observability_v1,ola_sparse_bayesian_keep050_seed42,93,ola,ola,24,0,2488,1.53507773520515,0.0020096463022508037,0.34686495176848875,7.6804220667814995,7.684831304765766,0.12589840189984375,0.013807862997055054,0.9998658909761389,0.09117977837730298,0.05262391200076821,0.02090926155545315,0.20974243363621228,0.9999061481834207,0.00010108874355709306,,,,,0.12589840189984375,,,,
bayesfl_observability_v1,ola_sparse_bayesian_keep050_seed42,94,ola,ola,24,0,2243,2.1727135308314134,0.025858225590726706,0.19616584930896122,7.684831304765766,7.6869614110525415,0.06447530067010256,0.005780033767223358,0.9999648525813376,0.07147490362421033,0.042136616184415575,0.011864943474645319,0.16825826826010376,0.9999417463417305,6.083569063182421e-05,,,,,0.06447530067010256,,,,
bayesfl_observability_v1,ola_sparse_bayesian_keep050_seed42,95,ola,ola,24,0,3395,1.9347072949747537,0.000589101620029455,0.30839469808541975,7.6869614110525415,7.691884283360129,0.10995584696642013,0.010594487190246582,0.9998979653187877,0.10390714209347675,0.06871350306100893,0.018662598689826546,0.25408183052492667,0.9998688331837724,0.00016460491978759423,,,,,0.10995584696642013,,,,
bayesfl_observability_v1,ola_sparse_bayesian_keep050_seed42,96,ola,ola,24,0,4182,2.1433085527040845,0.00023912003825920613,0.312051649928264,7.691884283360129,7.699589292749569,0.07104860712841109,0.005338817834854126,0.999957884405514,0.10083554249719892,0.049933409112459096,3.9419919717041664e-05,0.20322351321393603,0.9998932205967279,9.186737088868139e-05,,,,,0.07104860712841109,,,,
bayesfl_observability_v1,ola_sparse_bayesian_keep050_seed42,97,ola,ola,24,0,2165,1.367551068558902,0.0009237875288683603,0.6,7.699589292749569,7.706558945672208,0.10016827331480932,0.007500499486923218,0.9999158615205106,0.07013827698478806,0.036443577250128235,0.014853128421649693,0.15473033398851238,0.9999473948508489,5.101676537985731e-05,,,,,0.10016827331480932,,,,
bayesfl_observability_v1,ola_sparse_bayesian_keep050_seed42,98,ola,ola,24,0,2570,1.7759978093443558,0.0007782101167315176,0.3630350194552529,7.706558945672208,7.709576801652292,0.09125858018314019,0.011767774820327759,0.9999299914341072,0.09092350712749345,0.06122270243233587,0.014830429417234179,0.23509574140886674,0.9998989078402514,0.00012062334144868343,,,,,0.09125858018314019,,,,
bayesfl_observability_v1,ola_sparse_bayesian_keep050_seed42,99,ola,ola,24,0,1776,1.8366910798433969,0.0045045045045045045,0.3766891891891892,7.709576801652292,7.71238098417283,0.07270656993832196,0.007475379854440689,0.9999556134084541,0.07742170256801176,0.03971042454839563,5.3850745141705585e-06,0.14647302019228214,0.9999363541172365,5.568123633955169e-05,,,,,0.07270656993832196,,,,
bayesfl_observability_v1,ola_sparse_bayesian_keep050_seed42,100,ola,ola,24,0,3778,1.8474040645240064,0.00026469031233456857,0.30730545262043407,7.71238098417283,7.716430832097276,0.11404567046849748,0.009294718503952026,0.9998908623319057,0.09899632443378002,0.0738869598709403,1.4335907746938342e-05,0.28905617204865425,0.9998718544324632,0.00017215339031095126,,,,,0.11404567046849748,,,,
bayesfl_observability_v1,ola_sparse_bayesian_keep050_seed42,101,ola,ola,24,0,3052,1.824189106996563,0.01474442988204456,0.31913499344692003,7.716430832097276,7.7201245741202005,0.0716667059490934,0.008661076426506042,0.999957005895534,0.08663057302547413,0.055993595359046,0.027209911984612468,0.23230718476124088,0.999910746342816,0.00011360138677312363,,,,,0.0716667059490934,,,,
bayesfl_observability_v1,ola_sparse_bayesian_keep050_seed42,102,ola,ola,24,0,1356,1.7535383476901494,0.0007374631268436578,0.42920353982300885,7.7201245741202005,7.721608556927493,0.06299337912070861,0.005352705717086792,0.9999667350680498,0.08654104330430304,0.07352810082183524,0.03063866849382448,0.3126758269472875,0.9998918429814962,0.00020383752615218547,,,,,0.06299337912070861,,,,
bayesfl_observability_v1,ola_sparse_bayesian_keep050_seed42,103,ola,ola,24,0,1375,1.9389689265985048,0.005818181818181818,0.28,7.721608556927493,7.723919121598385,0.07996719086621665,0.00723893940448761,0.9999464344633917,0.06860047654570713,0.04545824739999804,0.030116728771818757,0.1966360242787396,0.9999432309905308,8.470030071124899e-05,,,,,0.07996719086621665,,,,
bayesfl_observability_v1,ola_sparse_bayesian_keep050_seed42,104,ola,ola,24,0,1805,2.083955964911852,0.000554016620498615,0.22493074792243767,7.723919121598385,7.7262719700542295,0.059207262395155696,0.0045161619782447815,0.9999706758200709,0.0758711329086433,0.050151479859147134,0.009942139836144146,0.16583090234883188,0.9999307174718598,7.761058672611748e-05,,,,,0.059207262395155696,,,,
bayesfl_observability_v1,ola_sparse_bayesian_keep050_seed42,105,ola,ola,24,0,2980,1.8315051454364877,0.0010067114093959733,0.3895973154362416,7.7262719700542295,7.7311774973178835,0.10965098931962315,0.009387776255607605,0.9998995593800396,0.09306394599362712,0.05588284286891932,0.02016691821593171,0.24159337880851842,0.9999014038734068,0.00011592183901570613,,,,,0.10965098931962315,,,,
bayesfl_observability_v1,ola_sparse_bayesian_keep050_seed42,106,ola,ola,24,0,3737,1.933587136563583,0.0005351886540005352,0.3767728124163768,7.7311774973178835,7.73442537721345,0.12169595914336509,0.011931762099266052,0.9998762517189279,0.10471915887679537,0.05988686875164493,0.0009221480978055934,0.22045103273111719,0.9998783544286964,0.00011259228844499803,,,,,0.12169595914336509,,,,
bayesfl_observability_v1,ola_sparse_bayesian_keep050_seed42,107,ola,ola,24,0,1935,2.003276011738027,0.0010335917312661498,0.19224806201550387,7.73442537721345,7.737274784025588,0.057327234313710916,0.0036090314388275146,0.999972609393221,0.08518647956675353,0.04502247348181559,0.003497622157314888,0.1624925880836747,0.9999224653992371,6.336815190295565e-05,,,,,0.057327234313710916,,,,
bayesfl_observability_v1,ola_sparse_bayesian_keep050_seed42,108,ola,ola,24,0,2895,1.940282143275942,0.000690846286701209,0.39481865284974094,7.737274784025588,7.740529506894798,0.12458469901133966,0.013987064361572266,0.9998705076169621,0.08939646344401445,0.06283097237279464,0.017316520853408103,0.23481582294320116,0.9999003544501676,0.0001273559710381776,,,,,0.12458469901133966,,,,
bayesfl_observability_v1,ola_sparse_bayesian_keep050_seed42,109,ola,ola,24,0,2336,2.0558264154083834,0.0008561643835616438,0.18236301369863014,7.740529506894798,7.7438303675282345,0.06580784505108028,0.005145162343978882,0.9999639666359448,0.0892896380802922,0.04481149877742232,0.01684735550005171,0.16796676634510094,0.9999167674969187,7.062869295262202e-05,,,,,0.06580784505108028,,,,
bayesfl_observability_v1,ola_sparse_bayesian_keep050_seed42,110,ola,ola,24,0,2773,2.0605949713216156,0.002163721601153985,0.35124413992066356,7.7438303675282345,7.747463492017307,0.09493616619926108,0.01027359813451767,0.9999249965030418,0.08214864145313859,0.0513069496009565,0.014394131210382369,0.23648124079811775,0.999921865401945,0.00010975352321707502,,,,,0.09493616619926108,,,,
bayesfl_observability_v1,ola_sparse_bayesian_keep050_seed42,111,ola,ola,24,0,3173,2.0665827219955735,0.005042546485975417,0.2694610778443114,7.747463492017307,7.751457271780913,0.058466860837187336,0.004837483167648315,0.9999716720281042,0.09051020559621684,0.04058541089306815,0.032038304825271285,0.15953623132642605,0.9999181141256221,6.25491932106087e-05,,,,,0.058466860837187336,,,,
bayesfl_observability_v1,ola_sparse_bayesian_keep050_seed42,112,ola,ola,24,0,4370,2.297848359533507,0.011212814645308924,0.21533180778032038,7.751457271780913,7.755426837307462,0.09158696568737494,0.00931394100189209,0.9999303643425542,0.1274139095606834,0.05557812623180103,0.04604795657357249,0.23611653133778915,0.9998393244631617,0.0001246137016772878,,,,,0.09158696568737494,,,,
bayesfl_observability_v1,ola_sparse_bayesian_keep050_seed42,113,ola,ola,24,0,2859,1.538665932846868,0.0006995452955578874,0.43896467296257435,7.755426837307462,7.761580187500487,0.09672289070268608,0.010360166430473328,0.9999226052678369,0.08029130893117073,0.04172739109143139,0.037700941114867936,0.19814174039909177,0.9999320526226024,8.043924601281706e-05,,,,,0.09672289070268608,,,,
bayesfl_observability_v1,ola_sparse_bayesian_keep050_seed42,114,ola,ola,24,0,3474,1.8336985042552865,0.0002878526194588371,0.30023028209556707,7.761580187500487,7.766506061832887,0.10689317211214461,0.009468823671340942,0.9999054261944773,0.09137077878287266,0.05929325905357151,5.304622567412259e-05,0.2139037643547829,0.9999016582360909,0.00011456736636104064,,,,,0.10689317211214461,,,,
bayesfl_observability_v1,ola_sparse_bayesian_keep050_seed42,115,ola,ola,24,0,1632,1.8955559992188524,0.0012254901960784314,0.3743872549019608,7.766506061832887,7.76905900321069,0.10710045822345139,0.01606111228466034,0.9999050025994028,0.08472923012325856,0.0586393555712597,0.012395809957838098,0.23380904778803618,0.9999120253700504,0.00011686070811698547,,,,,0.10710045822345139,,,,
bayesfl_observability_v1,ola_sparse_bayesian_keep050_seed42,116,ola,ola,24,0,3801,1.7250522882106807,0.00026308866087871614,0.3704288345172323,7.76905900321069,7.773389724586709,0.12285010808748822,0.010283321142196655,0.9998752035615447,0.11200002249938934,0.0725409296402558,0.010888058308973983,0.284184332993385,0.9998526047740947,0.0001754672007483341,,,,,0.12285010808748822,,,,
bayesfl_observability_v1,ola_sparse_bayesian_keep050_seed42,117,ola,ola,24,0,3983,1.8596825772862893,0.0005021340697966357,0.3163444639718805,7.773389724586709,7.781014914612741,0.12192799114113832,0.010536521673202515,0.9998775867947591,0.1059606010294134,0.05588730460894615,0.002055904957520091,0.23521979707941434,0.999881438254089,0.00011542997694224739,,,,,0.12192799114113832,,,,
bayesfl_observability_v1,ola_sparse_bayesian_keep050_seed42,118,ola,ola,24,0,2655,1.2606791834729212,0.0003766478342749529,0.4915254237288136,7.781014914612741,7.790462955330728,0.15248246985801447,0.012295141816139221,0.9998089532025018,0.08336603302913533,0.07461048499778954,0.007641146914273539,0.24363925366784248,0.9998968104918797,0.00015358927077135682,,,,,0.15248246985801447,,,,
bayesfl_observability_v1,ola_sparse_bayesian_keep050_seed42,119,ola,ola,24,0,2747,1.5975032592757972,0.00036403349108117945,0.45686203130688025,7.790462955330728,7.7963854937921235,0.12835629049142538,0.012566789984703064,0.9998646612575569,0.09935410830724063,0.05778686493276716,0.034021003242315474,0.21899067967725716,0.9998912814398128,0.00011530343408118237,,,,,0.12835629049142538,,,,
bayesfl_observability_v1,ola_sparse_bayesian_keep050_seed42,120,ola,ola,24,0,2938,1.591989756358092,0.0013614703880190605,0.5034036759700476,7.7963854937921235,7.804315813222284,0.09080695588151919,0.009982511401176453,0.9999327557553395,0.08948986891231815,0.04448778447080202,0.011915481664281719,0.16574575039382702,0.9999179920166993,7.332426940832813e-05,,,,,0.09080695588151919,,,,
bayesfl_observability_v1,ola_sparse_bayesian_keep050_seed42,121,ola,ola,24,0,2991,1.8221778799995967,0.0010030090270812437,0.47074557004346373,7.804315813222284,7.807520216664712,0.12576676904754053,0.012024760246276855,0.9998702904853455,0.0776757359548419,0.04985935518331245,0.01429704417418387,0.2148920266467646,0.9999301003900822,9.404370619182987e-05,,,,,0.12576676904754053,,,,
bayesfl_observability_v1,ola_sparse_bayesian_keep050_seed42,122,ola,ola,24,0,2547,1.7895709233356327,0.0007852375343541421,0.4499411071849234,7.807520216664712,7.810214722760086,0.12844033220484996,0.013385072350502014,0.999864791007576,0.09048115049138344,0.05923040911748238,0.01871975997599095,0.2485633582552888,0.9999041249357756,0.00012608709164143052,,,,,0.12844033220484996,,,,
bayesfl_observability_v1,ola_sparse_bayesian_keep050_seed42,123,ola,ola,24,0,4769,2.211824616000658,0.0004193751310547285,0.22939819668693645,7.810214722760086,7.8145922838360065,0.11668889404680728,0.010540485382080078,0.9998886095100405,0.13967253582481562,0.05924649500589107,0.04856418363723204,0.27628130458840544,0.9998114794058648,0.00015466539389642105,,,,,0.11668889404680728,,,,
bayesfl_observability_v1,ola_sparse_bayesian_keep050_seed42,124,ola,ola,24,0,2069,1.9179132103815375,0.0009666505558240696,0.3301111648139198,7.8145922838360065,7.8172761427878035,0.08019208897397552,0.007168160751461983,0.9999474243615861,0.08531409100917767,0.04917941635200544,0.012202276403890704,0.15588117532176538,0.9999206573859212,7.493896623729973e-05,,,,,0.08019208897397552,,,,
bayesfl_observability_v1,ola_sparse_bayesian_keep050_seed42,125,ola,ola,24,0,2257,2.08657252655414,0.003544528134692069,0.2715994683207798,7.8172761427878035,7.819735157506476,0.08286629515850127,0.009015321731567383,0.9999438828309366,0.095192549398866,0.046236078050898,0.030120572104117428,0.19000753909122928,0.9999084103388935,8.108174661451393e-05,,,,,0.08286629515850127,,,,
bayesfl_observability_v1,ola_sparse_bayesian_keep050_seed42,126,ola,ola,24,0,3698,2.1004507966293517,0.00027041644131963225,0.24229313142239048,7.819735157506476,7.823750158145648,0.06814019495711643,0.004898920655250549,0.9999621854193085,0.09811775094684835,0.04641079799953368,0.028102594165948337,0.18769817347616793,0.999903763768533,8.32959958095699e-05,,,,,0.06814019495711643,,,,
bayesfl_observability_v1,ola_sparse_bayesian_keep050_seed42,127,ola,ola,24,0,2240,1.781640372105943,0.020089285714285716,0.4316964285714286,7.823750158145648,7.826415892870979,0.11015990031468091,0.018032431602478027,0.9999009658934012,0.08139128332185176,0.045888245365200656,0.008681644735299402,0.20283176586139695,0.9999287147145386,8.053755065884665e-05,,,,,0.11015990031468091,,,,
bayesfl_observability_v1,ola_sparse_bayesian_keep050_seed42,128,ola,ola,24,0,2806,1.5814365132873383,0.0007127583749109052,0.44903777619387025,7.826415892870979,7.834833184511984,0.0852296170507265,0.0062083899974823,0.9999413454527709,0.07538635442816129,0.05628377273716561,0.0103308088391534,0.19147989461594372,0.9999278926930787,9.016477649899099e-05,,,,,0.0852296170507265,,,,
bayesfl_observability_v1,ola_sparse_bayesian_keep050_seed42,129,ola,ola,24,0,4004,1.896706303187631,0.0017482517482517483,0.3146853146853147,7.834833184511984,7.84146664711145,0.08709126901973288,0.0065481215715408325,0.9999386286969989,0.09501649623829894,0.05257683781208356,0.016727214965090838,0.20410447147719973,0.9999040749354334,9.347269826557339e-05,,,,,0.08709126901973288,,,,
bayesfl_observability_v1,ola_sparse_bayesian_keep050_seed42,130,ola,ola,24,0,1664,2.0552981584518433,0.0018028846153846155,0.18870192307692307,7.84146664711145,7.843481352461859,0.09379206102692694,0.00883057713508606,0.9999285181869683,0.10606343525586687,0.060464100237790516,0.016683668819132268,0.22129886889780456,0.9998788290995474,0.00011647183100135642,,,,,0.09379206102692694,,,,
bayesfl_observability_v1,ola_sparse_bayesian_keep050_seed42,131,ola,ola,24,0,3182,1.2438208096205337,0.0009428032683846638,0.507228158390949,7.843481352461859,7.847825369237012,0.10987792032673491,0.007663749158382416,0.9999020840754518,0.08865641738420091,0.0641188445816279,0.00873081122239534,0.22091038698045665,0.9999027861372546,0.00012550610129455204,,,,,0.10987792032673491,,,,
bayesfl_observability_v1,ola_sparse_bayesian_keep050_seed42,132,ola,ola,24,0,1595,1.90898367866461,0.0012539184952978057,0.25956112852664576,7.847825369237012,7.850671147062832,0.12658098215969546,0.01464514434337616,0.9998700335527524,0.09162805273534037,0.05434687752904964,0.000906535551431957,0.18688512181590888,0.9999078979706454,8.860260266152592e-05,,,,,0.12658098215969546,,,,
bayesfl_observability_v1,ola_sparse_bayesian_keep050_seed42,133,ola,ola,24,0,2900,1.8663071511257825,0.0003448275862068965,0.35620689655172416,7.850671147062832,7.8552127002386545,0.10481065297025129,0.010262250900268555,0.9999111003738771,0.09408858415615381,0.05814498711040027,0.025841057727237056,0.2034777905896315,0.9999008515182155,0.00010342682351391752,,,,,0.10481065297025129,,,,
bayesfl_observability_v1,ola_sparse_bayesian_keep050_seed42,134,ola,ola,24,0,950,1.8658304727399755,0.002105263157894737,0.38842105263157894,7.8552127002386545,7.856861667334887,0.0838954242790743,0.007590875029563904,0.9999430004156546,0.07799559315196117,0.03879422598936443,0.003195446983094195,0.14929299096363224,0.9999385268561067,4.8486958455385773e-05,,,,,0.0838954242790743,,,,
bayesfl_observability_v1,ola_sparse_bayesian_keep050_seed42,135,ola,ola,24,0,1071,2.1863361721051624,0.0018674136321195146,0.19327731092436976,7.856861667334887,7.858824463558008,0.06425389120562697,0.006842639297246933,0.9999665992110514,0.06457940059366142,0.033084672525437425,0.009441885717500632,0.1319199227773172,0.9999573735274032,3.943772157899713e-05,,,,,0.06425389120562697,,,,
bayesfl_observability_v1,ola_sparse_bayesian_keep050_seed42,136,ola,ola,24,0,2228,1.9068473358594504,0.0004488330341113106,0.3464991023339318,7.858824463558008,7.861639313401097,0.058071413856820374,0.004929065704345703,0.9999727728300983,0.07212926291041007,0.04744109942633475,0.0018607326385139975,0.14504371696379953,0.99993969922138,6.21458042230164e-05,,,,,0.058071413856820374,,,,
bayesfl_observability_v1,ola_sparse_bayesian_keep050_seed42,137,ola,ola,24,0,2189,1.9313548133454672,0.0013704888076747374,0.21699406121516673,7.861639313401097,7.864414493057177,0.07045090166098628,0.004660218954086304,0.9999599235553915,0.07796989647495325,0.05196455677966329,0.0014734068043846312,0.15746382158575334,0.9999290191636927,7.465118634063826e-05,,,,,0.07045090166098628,,,,
bayesfl_observability_v1,ola_sparse_bayesian_keep050_seed42,138,ola,ola,24,0,3016,1.8679953302977224,0.0009946949602122016,0.2957559681697613,7.864414493057177,7.868300252420511,0.09413611771025564,0.0067342668771743774,0.9999285183390659,0.09637323418279589,0.05902274732977756,0.007740166464663188,0.22514651638388128,0.9998968279638623,0.00012192462135748621,,,,,0.09413611771025564,,,,
bayesfl_observability_v1,ola_sparse_bayesian_keep050_seed42,139,ola,ola,24,0,3696,1.6958872867065993,0.003246753246753247,0.295995670995671,7.868300252420511,7.873531004062705,0.13116005673185802,0.015253439545631409,0.9998613782272541,0.08588095241541517,0.07239189575455333,0.013666404766597346,0.2582499891752973,0.9998982468867019,0.0001592988807570547,,,,,0.13116005673185802,,,,
bayesfl_observability_v1,ola_sparse_bayesian_keep050_seed42,140,ola,ola,24,0,1503,1.8692139437702306,0.0006653359946773121,0.24218230206254157,7.873531004062705,7.875267315945564,0.06740303448416295,0.00568583607673645,0.9999633894908321,0.06953940734049856,0.03955210850332021,0.011549075014645286,0.1275183200763847,0.9999484004520097,4.4421367349188185e-05,,,,,0.06740303448416295,,,,
bayesfl_observability_v1,ola_sparse_bayesian_keep050_seed42,141,ola,ola,24,0,4239,2.117266617710311,0.006605331446095777,0.25807973578674215,7.875267315945564,7.878967596649244,0.06875934907101364,0.004683896899223328,0.9999620126204185,0.10497234697646024,0.050498365227491425,0.02364024563530884,0.18464256645383595,0.9998906850952226,9.00250043434275e-05,,,,,0.06875934907101364,,,,
bayesfl_observability_v1,ola_sparse_bayesian_keep050_seed42,142,ola,ola,24,0,2707,1.7840348774109152,0.0014776505356483192,0.3605467306981899,7.878967596649244,7.883562341213946,0.15337765696828498,0.016217365860939026,0.9998108037780087,0.10060298204830813,0.06819273290718524,0.01866032011832253,0.2637642400593861,0.9998811216968014,0.00015605621929696222,,,,,0.15337765696828498,,,,
bayesfl_observability_v1,ola_sparse_bayesian_keep050_seed42,143,ola,ola,24,0,3364,2.1364322412441785,0.005945303210463734,0.28953626634958385,7.883562341213946,7.8873159618609625,0.04915234595948868,0.0035429298877716064,0.9999806862514956,0.09774285136367673,0.05752575833221463,0.007903761812851655,0.200503436958027,0.9998965861514341,9.078454261713362e-05,,,,,0.04915234595948868,,,,
bayesfl_observability_v1,ola_sparse_bayesian_keep050_seed42,144,ola,ola,24,0,2945,1.6513037063703606,0.009507640067911714,0.3881154499151104,7.8873159618609625,7.890065122604474,0.13235187155476136,0.013088136911392212,0.9998593198150211,0.07832441621700358,0.05568630117233185,0.022743648742154485,0.23918804866737298,0.9999258003924621,0.0001182618004301114,,,,,0.13235187155476136,,,,
bayesfl_observability_v1,ola_sparse_bayesian_keep050_seed42,145,ola,ola,24,0,2912,1.4140413992967744,0.0006868131868131869,0.4326923076923077,7.890065122604474,7.895464614578342,0.11357484371718117,0.010752767324447632,0.9998967016630523,0.07518932528670463,0.04432916976922639,0.019090710991031108,0.18595577623112666,0.9999388895537012,6.964755102147062e-05,,,,,0.11357484371718117,,,,
bayesfl_observability_v1,ola_sparse_bayesian_keep050_seed42,146,ola,ola,24,0,4072,1.7663048925912377,0.0019646365422396855,0.3204813359528487,7.895464614578342,7.903441291940082,0.12009016029486773,0.01445886492729187,0.9998849542415609,0.10544305504197421,0.07105731529930781,0.020030410540553434,0.23253254317038985,0.9998705266047937,0.00014425088045533102,,,,,0.12009016029486773,,,,
bayesfl_observability_v1,ola_sparse_bayesian_keep050_seed42,147,ola,ola,24,0,2055,1.9791879666850754,0.00145985401459854,0.27153284671532846,7.903441291940082,7.906445344028187,0.08884858353856488,0.009138111025094986,0.9999369076423257,0.1050226207887697,0.06596207507696705,0.007227035475957721,0.28353229609543307,0.9998769576903414,0.00015761433357381276,,,,,0.08884858353856488,,,,
bayesfl_observability_v1,ola_sparse_bayesian_keep050_seed42,148,ola,ola,24,0,4140,1.9090758616036054,0.0007246376811594203,0.2751207729468599,7.906445344028187,7.910549570114812,0.08813739152523958,0.009001776576042175,0.9999380331088041,0.0918346699869947,0.06203500278269107,0.016830664281311646,0.22298119177358536,0.9999018459789722,0.00010636103425106967,,,,,0.08813739152523958,,,,
bayesfl_observability_v1,ola_sparse_bayesian_keep050_seed42,149,ola,ola,24,0,3612,1.6760832343085863,0.004429678848283499,0.384828349944629,7.910549570114812,7.914534853536155,0.07028649676866625,0.005573540925979614,0.9999606736842471,0.10393917046624183,0.044171380714880526,0.026136854434827266,0.1798273586454829,0.9998981558153902,7.352260459227592e-05,,,,,0.07028649676866625,,,,
bayesfl_observability_v1,ola_sparse_bayesian_keep050_seed42,150,ola,ola,24,0,4147,1.6044820830287962,0.0009645526886906198,0.38557993730407525,7.914534853536155,7.920514417400089,0.1477279662209863,0.014620035886764526,0.9998262181019849,0.1019067709508725,0.06361286725650021,0.008652686890226233,0.2539718974495054,0.999884914448213,0.00013298603774333762,,,,,0.1477279662209863,,,,
bayesfl_observability_v1,ola_sparse_bayesian_keep050_seed42,151,ola,ola,24,0,1505,2.263542272334645,0.0053156146179402,0.24717607973421926,7.920514417400089,7.922585819443662,0.07000683289296074,0.005876407027244568,0.9999609833353955,0.09208686145234009,0.04351247570459101,0.05272519091117529,0.19468650601798812,0.9999173523301109,7.970446424933806e-05,,,,,0.07000683289296074,,,,
bayesfl_observability_v1,ola_sparse_bayesian_keep050_seed42,152,ola,ola,24,0,3195,2.013796139854657,0.04913928012519562,0.2431924882629108,7.922585819443662,7.926931697383157,0.059556320868516435,0.00409834086894989,0.9999719110846461,0.08752061772657402,0.051218465212953604,0.007214844326872313,0.17332005758291402,0.9999181717022758,7.611829399848375e-05,,,,,0.059556320868516435,,,,
bayesfl_observability_v1,ola_sparse_bayesian_keep050_seed42,153,ola,ola,24,0,3189,1.3769029863552047,0.0015678896205707118,0.5374725619316401,7.926931697383157,7.930205066370505,0.13427093418026734,0.01343436911702156,0.9998566867643204,0.09002025761657753,0.061572424687793295,0.013447893546295608,0.21104880629744432,0.9999054089078524,0.00011240807153255729,,,,,0.13427093418026734,,,,
bayesfl_observability_v1,ola_sparse_bayesian_keep050_seed42,154,ola,ola,24,0,1658,1.975023950343979,0.0012062726176115801,0.2195416164053076,7.930205066370505,7.932501008692816,0.07891625200349589,0.008153021335601807,0.9999505415389608,0.08415589767788668,0.04255220533952374,0.01635152747627204,0.1745972378550223,0.9999293238956084,6.258822533294512e-05,,,,,0.07891625200349589,,,,
bayesfl_observability_v1,ola_sparse_bayesian_keep050_seed42,155,ola,ola,24,0,2297,1.684063596607958,0.00043535045711797995,0.455811928602525,7.932501008692816,7.938461427421329,0.11883524903267723,0.009395480155944824,0.9998881540792605,0.07338031982222286,0.052788724221154874,1.2153086179544548e-05,0.20873151297112685,0.9999351586084272,8.530601135661633e-05,,,,,0.11883524903267723,,,,
bayesfl_observability_v1,ola_sparse_bayesian_keep050_seed42,156,ola,ola,24,0,2249,1.7550494170585282,0.0008892841262783459,0.3468208092485549,7.938461427421329,7.941251803377853,0.10538751235640231,0.008153676986694336,0.9999119724859442,0.08110865751757602,0.052595027869118266,0.0018052440081658167,0.21100255003633697,0.9999258902346998,9.609223548867945e-05,,,,,0.10538751235640231,,,,
bayesfl_observability_v1,ola_sparse_bayesian_keep050_seed42,157,ola,ola,24,0,2332,1.6807691296280889,0.0008576329331046312,0.3666380789022298,7.941251803377853,7.944755868295642,0.10563099045481772,0.008874893188476562,0.9999116706545843,0.08142273036021362,0.04613765179476317,0.01719774229426793,0.185626799387533,0.9999306095947611,7.237709714459974e-05,,,,,0.10563099045481772,,,,
bayesfl_observability_v1,ola_sparse_bayesian_keep050_seed42,158,ola,ola,24,0,1873,2.2005955982887673,0.002135611318739989,0.19701014415376403,7.944755868295642,7.946708487232771,0.046355584453872785,0.004048466682434082,0.9999830122825759,0.08796893189382932,0.04336999562247959,0.03378489318136983,0.15775557072952145,0.9999238229883054,6.376608177778509e-05,,,,,0.046355584453872785,,,,
bayesfl_observability_v1,ola_sparse_bayesian_keep050_seed42,159,ola,ola,24,0,3725,2.0449334698080914,0.00026845637583892615,0.21422818791946308,7.946708487232771,7.949894980077978,0.0771401528693018,0.005826830863952637,0.999952984545869,0.09498962546820529,0.057771282493695335,0.0076492029497741395,0.18817764704271311,0.9999021896918339,9.060087396883887e-05,,,,,0.0771401528693018,,,,
bayesfl_observability_v1,ola_sparse_bayesian_keep050_seed42,160,ola,ola,24,0,2728,1.211052257568177,0.004398826979472141,0.6312316715542522,7.949894980077978,7.957017697404713,0.10526589805665228,0.013315856456756592,0.9999128152074452,0.08429066068857964,0.05136293031448028,0.012707221586965177,0.18367332111268284,0.9999230260544513,7.699507029198881e-05,,,,,0.10526589805665228,,,,
bayesfl_observability_v1,ola_sparse_bayesian_keep050_seed42,161,ola,ola,24,0,2168,1.8722157687136884,0.012453874538745387,0.3095018450184502,7.957017697404713,7.959640037730408,0.059606916674414104,0.004500985145568848,0.9999720051469573,0.07181236654245332,0.04727564858845163,0.002408150190671636,0.16268864894751286,0.9999416549619957,6.578990959237114e-05,,,,,0.059606916674414104,,,,
bayesfl_observability_v1,ola_sparse_bayesian_keep050_seed42,162,ola,ola,24,0,3158,1.858648581143231,0.004433185560481318,0.26979100696643443,7.959640037730408,7.964003489587067,0.0810783725509497,0.006956726312637329,0.9999482994112953,0.09411571828314402,0.04848453463239524,0.030350913752979936,0.1774726820007379,0.9999116227690145,7.699497620318979e-05,,,,,0.0810783725509497,,,,
bayesfl_observability_v1,ola_sparse_bayesian_keep050_seed42,163,ola,ola,24,0,1133,1.734063175887301,0.00176522506619594,0.4227714033539276,7.964003489587067,7.965573098481373,0.05228319742474786,0.008148372173309326,0.9999784744519462,0.05169381015480723,0.026198030990276816,0.008552256600400994,0.09302512740795937,0.9999735335489036,2.173569544575992e-05,,,,,0.05228319742474786,,,,
bayesfl_observability_v1,ola_sparse_bayesian_keep050_seed42,164,ola,ola,24,0,2246,1.8469634998687465,0.003561887800534283,0.40382902938557436,7.965573098481373,7.967960005574583,0.06693359438539329,0.005209282040596008,0.9999647514314196,0.07887692007021976,0.04203921171468618,0.00700946981841306,0.13745551402961992,0.9999370722096373,4.8646299905245116e-05,,,,,0.06693359438539329,,,,
bayesfl_observability_v1,ola_sparse_bayesian_keep050_seed42,165,ola,ola,24,0,1853,1.8897298045920745,0.0010793308148947653,0.41284403669724773,7.967960005574583,7.97162495680346,0.09535640922992623,0.010841518640518188,0.9999285283566285,0.08146176950069285,0.04789209758372276,0.010115944333668832,0.18481159787799054,0.9999297176321881,7.310182448318165e-05,,,,,0.09535640922992623,,,,
bayesfl_observability_v1,ola_sparse_bayesian_keep050_seed42,166,ola,ola,24,0,2226,1.2025932815431624,0.0013477088948787063,0.6868823000898473,7.97162495680346,7.97766023890858,0.12097221111115192,0.014338880777359009,0.9998852278430872,0.06384495488910827,0.04562908702693431,0.013778944089457046,0.1797873741421335,0.9999516114757103,6.773631830344537e-05,,,,,0.12097221111115192,,,,
bayesfl_observability_v1,ola_sparse_bayesian_keep050_seed42,167,ola,ola,24,0,4345,1.7359655263619354,0.0006904487917146145,0.3518987341772152,7.97766023890858,7.982522557863667,0.04836123858448161,0.003537990152835846,0.9999818223940588,0.08506495666575756,0.04834457199833256,0.0005498561455848697,0.1666774193601632,0.9999248742239143,6.858250919251495e-05,,,,,0.04836123858448161,,,,
bayesfl_observability_v1,ola_sparse_bayesian_keep050_seed42,168,ola,ola,24,0,3275,1.901374023909144,0.0012213740458015267,0.2381679389312977,7.982522557863667,7.985451764147955,0.04896473072774929,0.0031449496746063232,0.999981261273408,0.07977875069440557,0.04644323562952876,0.0034826401337561793,0.17183204458715992,0.9999331727091502,6.138506203409162e-05,,,,,0.04896473072774929,,,,
bayesfl_observability_v1,ola_sparse_bayesian_keep050_seed42,169,ola,ola,24,0,2678,1.876683852874767,0.0003734129947722181,0.27632561613144135,7.985451764147955,7.988009438608636,0.048297971372404595,0.004053980112075806,0.9999817664976354,0.08466756900398376,0.03601286494161777,0.032391617672605025,0.16512796304192282,0.9999336591307947,5.591709854786443e-05,,,,,0.048297971372404595,,,,
bayesfl_observability_v1,ola_sparse_bayesian_keep050_seed42,170,ola,ola,24,0,1497,2.115787911937769,0.0006680026720106881,0.2712090848363393,7.988009438608636,7.990170027571856,0.05510214451273744,0.004600979387760162,0.9999762510623504,0.05990193844393089,0.039542486863841965,9.828130232997222e-07,0.13265880165589686,0.9999596495069876,3.98046731404111e-05,,,,,0.05510214451273744,,,,
bayesfl_observability_v1,ola_sparse_bayesian_keep050_seed42,171,ola,ola,24,0,3609,1.6800277520877058,0.004987531172069825,0.4175671931282904,7.990170027571856,7.994248657822316,0.07955531561457983,0.006121590733528137,0.9999505880791084,0.08666314508910715,0.05619183373967203,0.0049367552422869216,0.21969812546832893,0.9999165153375832,9.39560066057637e-05,,,,,0.07955531561457983,,,,
bayesfl_observability_v1,ola_sparse_bayesian_keep050_seed42,172,ola,ola,24,0,5670,1.7333391529517157,0.0021164021164021165,0.3832451499118166,7.994248657822316,7.999103566395773,0.11418786748816843,0.011432573199272156,0.9998982334200178,0.11329865583708267,0.07391233780632508,0.006323501515381645,0.24395759967465164,0.9998569516157841,0.00014772661523493444,,,,,0.11418786748816843,,,,
bayesfl_observability_v1,ola_sparse_bayesian_keep050_seed42,173,ola,ola,24,0,2351,1.8073295536707663,0.0034028073160357296,0.3887707358570821,7.999103566395773,8.00191300603248,0.09710796480054566,0.007570691406726837,0.9999263994765215,0.08058752030086948,0.052712097104195714,0.0031539037305863605,0.19915126445229664,0.999927575969317,8.131151582142166e-05,,,,,0.09710796480054566,,,,
bayesfl_observability_v1,ola_sparse_bayesian_keep050_seed42,174,ola,ola,24,0,3053,1.7184799633544332,0.0006550933508024893,0.3920733704552899,8.00191300603248,8.00544225937181,0.056071335559248967,0.005861230194568634,0.999975557327998,0.09122418611158221,0.03716459638555552,0.03184672544302931,0.15782774297713997,0.9999242878963942,5.7267470874387664e-05,,,,,0.056071335559248967,,,,
bayesfl_observability_v1,ola_sparse_bayesian_keep050_seed42,175,ola,ola,24,0,2616,1.8370679288692562,0.0045871559633027525,0.4197247706422018,8.00544225937181,8.008255018317714,0.12398237692520588,0.015992194414138794,0.9998801761933602,0.07758688878039861,0.05823736546345356,0.010771335107452823,0.24543379897098885,0.9999266128539834,0.00011615131443623095,,,,,0.12398237692520588,,,,
bayesfl_observability_v1,ola_sparse_bayesian_keep050_seed42,176,ola,ola,24,0,3584,2.1652057257302713,0.002232142857142857,0.23660714285714285,8.008255018317714,8.010345720255858,0.08920597588877945,0.009193703532218933,0.9999380087875466,0.11403984801394064,0.05920782511661076,0.024487219658721512,0.19729866338535895,0.99987132970089,0.00010456098731990694,,,,,0.08920597588877945,,,,
bayesfl_observability_v1,ola_sparse_bayesian_keep050_seed42,177,ola,ola,24,0,1405,2.064809051813052,0.0007117437722419929,0.26263345195729537,8.010345720255858,8.011953965397204,0.0442854964586442,0.003499634563922882,0.9999847408548121,0.061978903545111604,0.03598349214414423,0.0008594673091733367,0.13649287713341085,0.9999599967840249,4.2809967559485856e-05,,,,,0.0442854964586442,,,,
bayesfl_observability_v1,ola_sparse_bayesian_keep050_seed42,178,ola,ola,24,0,4726,1.8883041291276423,0.00042319085907744394,0.26555226407109606,8.011953965397204,8.018359309754839,0.10127363332896544,0.010743826627731323,0.9999204943418455,0.09056809795234672,0.05965246986912795,0.01008599298455667,0.22829182280708404,0.9999085533077905,0.00011180890882558828,,,,,0.10127363332896544,,,,
bayesfl_observability_v1,ola_sparse_bayesian_keep050_seed42,179,ola,ola,24,0,4407,1.9647752368113245,0.002269117313365101,0.2859087814840027,8.018359309754839,8.022976410272088,0.08802224441035093,0.007886052131652832,0.9999399466433613,0.11023309990151425,0.04392260837493138,0.03279170544792581,0.19945733869867846,0.9998906076072526,7.92772806206953e-05,,,,,0.08802224441035093,,,,
bayesfl_observability_v1,ola_sparse_bayesian_keep050_seed42,180,ola,ola,24,0,1320,1.8152381444768748,0.0007575757575757576,0.29772727272727273,8.022976410272088,8.025101669080199,0.0508359296366918,0.0033094435930252075,0.9999799660872207,0.06432797549037902,0.039017232770715976,0.004474313367979582,0.1298618878134831,0.9999560469843208,4.059879448768042e-05,,,,,0.0508359296366918,,,,
bayesfl_observability_v1,ola_sparse_bayesian_keep050_seed42,181,ola,ola,24,0,2928,1.981760456261573,0.0006830601092896175,0.28620218579234974,8.025101669080199,8.028606761199713,0.061068186820020035,0.005955860018730164,0.9999711546210599,0.0846896818870005,0.04397498143801389,0.020845984953258876,0.17099000075889903,0.9999293442397061,6.411553068870808e-05,,,,,0.061068186820020035,,,,
bayesfl_observability_v1,ola_sparse_bayesian_keep050_seed42,182,ola,ola,24,0,2681,1.8932999767496057,0.0014919806042521448,0.28534129056322266,8.028606761199713,8.032122326521877,0.045584193839914466,0.002690613269805908,0.999983984621049,0.07322008498930267,0.04968931037652694,0.006011928568010506,0.15930975614468126,0.9999392993823197,6.231663844757637e-05,,,,,0.045584193839914466,,,,
bayesfl_observability_v1,ola_sparse_bayesian_keep050_seed42,183,ola,ola,24,0,2500,2.3322140625019716,0.0008,0.1404,8.032122326521877,8.033793247831694,0.06761271256704668,0.007973238825798035,0.9999645994150869,0.09102815023937609,0.04463276274118548,0.032518249589808076,0.21409677412588407,0.9999203667234228,8.315641923063835e-05,,,,,0.06761271256704668,,,,
bayesfl_observability_v1,ola_sparse_bayesian_keep050_seed42,184,ola,ola,24,0,2123,1.6165321233254744,0.0004710315591144607,0.49317004239284035,8.033793247831694,8.038865299860207,0.09904757722936738,0.00702899694442749,0.9999242466267526,0.09679042228774774,0.07816989417950636,0.036101791920302294,0.35427181286640624,0.9998801961297399,0.00023604754888704763,,,,,0.09904757722936738,,,,
bayesfl_observability_v1,ola_sparse_bayesian_keep050_seed42,185,ola,ola,24,0,1554,1.741509619393423,0.001287001287001287,0.4317889317889318,8.038865299860207,8.0416440100442,0.10974511629522507,0.009802654385566711,0.9999069058682427,0.07584781679986992,0.056739838291733666,0.004228458255704218,0.1903389030745196,0.9999306062449486,8.039974524115836e-05,,,,,0.10974511629522507,,,,
bayesfl_observability_v1,ola_sparse_bayesian_keep050_seed42,186,ola,ola,24,0,4373,1.9144276197358694,0.000914703864623828,0.2654927967070661,8.0416440100442,8.04583527250578,0.08659423980744084,0.004967495799064636,0.9999421886077753,0.10055322306211985,0.055712364603377036,0.023242906022877347,0.21663621211017822,0.9998979160034073,0.00010189479717018361,,,,,0.08659423980744084,,,,
bayesfl_observability_v1,ola_sparse_bayesian_keep050_seed42,187,ola,ola,24,0,1944,1.960021072242087,0.00205761316872428,0.40689300411522633,8.04583527250578,8.04851011971476,0.08815147220914653,0.012637853622436523,0.9999400564506503,0.08280749847946252,0.04524839531281796,0.017770372029555163,0.1585130144658806,0.9999312513382264,6.439189008711161e-05,,,,,0.08815147220914653,,,,
bayesfl_observability_v1,ola_sparse_bayesian_keep050_seed42,188,ola,ola,24,0,2515,1.9953663941520994,0.0011928429423459245,0.20675944333996024,8.04851011971476,8.051049805418257,0.05896666283388223,0.0052760690450668335,0.9999732201138275,0.08298374182061495,0.04451475707064666,0.004582234188185581,0.16100363431899176,0.9999315878603884,6.083508389600278e-05,,,,,0.05896666283388223,,,,
bayesfl_observability_v1,ola_sparse_bayesian_keep050_seed42,189,ola,ola,24,0,1875,2.0733768491976003,0.0016,0.24426666666666666,8.051049805418257,8.053432553247182,0.05597651265370366,0.005464449524879456,0.9999758809325859,0.06993362814190436,0.04172006219699916,0.003255647923469842,0.16184253837030238,0.9999488676675173,5.422674257892357e-05,,,,,0.05597651265370366,,,,
bayesfl_observability_v1,ola_sparse_bayesian_keep050_seed42,190,ola,ola,24,0,1609,1.9208432947840586,0.0018645121193287756,0.25668116842759475,8.053432553247182,8.055261886282857,0.04240111718555975,0.003467028960585594,0.9999861689618096,0.05579022108030003,0.03943758717759167,0.009810196967644663,0.12770763345588212,0.9999640290775402,4.1386206747752686e-05,,,,,0.04240111718555975,,,,
bayesfl_observability_v1,ola_sparse_bayesian_keep050_seed42,191,ola,ola,24,0,2821,1.4933232148244866,0.0003544842254519674,0.5054945054945055,8.055261886282857,8.061230318815365,0.09367879447262675,0.008207380771636963,0.9999327015392663,0.07167920109974789,0.05397209692637462,0.005355333652412155,0.1958417115522121,0.9999380501403283,7.87069514143186e-05,,,,,0.09367879447262675,,,,
bayesfl_observability_v1,ola_sparse_bayesian_keep050_seed42,192,ola,ola,24,0,3578,1.7173314098410841,0.002794857462269424,0.39351593068753493,8.061230318815365,8.064581178655725,0.1429923005099368,0.013553708791732788,0.9998428285690606,0.09586995222719043,0.063264878749715,0.016457790618289638,0.25303134831236795,0.9998985301024985,0.00013560048655074497,,,,,0.1429923005099368,,,,
bayesfl_observability_v1,ola_sparse_bayesian_keep050_seed42,193,ola,ola,24,0,1627,1.8577030324540753,0.0006146281499692685,0.27289489858635524,8.064581178655725,8.067646133446924,0.0682410553695845,0.007112175226211548,0.9999642845722454,0.09785075369078672,0.058790492034398394,0.02076077413592273,0.27464393543826915,0.9998998758905123,0.00013525866827942447,,,,,0.0682410553695845,,,,
bayesfl_observability_v1,ola_sparse_bayesian_keep050_seed42,194,ola,ola,24,0,1823,1.9560629257050675,0.0038398244651673065,0.34284147010422383,8.067646133446924,8.070226947148143,0.07215306624897223,0.009864993393421173,0.9999600707630816,0.07192618619682016,0.04151188093854801,0.013268278748964612,0.1777261162232389,0.9999470432991356,5.827752924291518e-05,,,,,0.07215306624897223,,,,
bayesfl_observability_v1,ola_sparse_bayesian_keep050_seed42,195,ola,ola,24,0,3144,1.716876799231985,0.0006361323155216285,0.29993638676844786,8.070226947148143,8.073764070753894,0.08888528036586636,0.007853284478187561,0.999939468754675,0.08790561201929455,0.054998413520390116,0.02213065777813911,0.21558138961163187,0.9999175045701525,9.502989902840759e-05,,,,,0.08888528036586636,,,,
bayesfl_observability_v1,ola_sparse_bayesian_keep050_seed42,196,ola,ola,24,0,2600,1.989158799208643,0.0015384615384615385,0.3515384615384615,8.073764070753894,8.077212768037052,0.08068007124480688,0.00822276622056961,0.9999501837858462,0.09530838746212401,0.038945875647223925,0.030001540000872753,0.18123820952250744,0.9999187394702536,6.136067648259654e-05,,,,,0.08068007124480688,,,,
bayesfl_observability_v1,ola_sparse_bayesian_keep050_seed42,197,ola,ola,24,0,4324,1.8623919901492054,0.00023126734505087883,0.3108233117483811,8.077212768037052,8.08012676913867,0.09965347515626832,0.01033252477645874,0.9999239842301425,0.0947698010969175,0.06013214623532817,0.0029536702048208368,0.22867599634905028,0.9999035069280443,0.00010188512739086442,,,,,0.09965347515626832,,,,
bayesfl_observability_v1,ola_sparse_bayesian_keep050_seed42,198,ola,ola,24,0,2985,1.6465315494062787,0.00033500837520938025,0.4726968174204355,8.08012676913867,8.082755669530552,0.13427841324239223,0.014565825462341309,0.9998620129645325,0.07559908371690954,0.05839193061587426,0.006410718566997882,0.2167144058660232,0.9999301569140198,9.785966361223355e-05,,,,,0.13427841324239223,,,,
bayesfl_observability_v1,ola_sparse_bayesian_keep050_seed42,199,ola,ola,24,0,2579,1.7936276269751759,0.00038774718883288094,0.40907328421868944,8.082755669530552,8.08834729958174,0.12893444811955848,0.01162467896938324,0.9998730972273946,0.09461860709629938,0.056769024227627786,5.358635138417925e-06,0.20984414348918495,0.9999069062536751,9.420614372298554e-05,,,,,0.12893444811955848,,,,
bayesfl_observability_v1,ola_sparse_bayesian_keep050_seed42,200,ola,ola,24,0,5480,1.850132876023142,0.0010948905109489052,0.2569343065693431,8.08834729958174,8.092967692900185,0.09759861990165429,0.007674813270568848,0.9999274035557878,0.10633694370146464,0.061561081531946386,0.013468467467646713,0.23190940362786083,0.9998847281709087,0.00011439365502374979,,,,,0.09759861990165429,,,,
